1.673878
2.130816
2.587755
2.974059
3.325828
3.677596
4.029342
4.381111
4.622086
4.972358
5.322608
5.672880
6.580386
7.289615
8.015828
8.726757
9.442472
10.153265
10.842426
11.547120
12.238730
12.937846
13.664241
14.012336
14.360454
14.708549
15.062109
15.411723
15.761338
16.110952
16.569546
16.926350
17.283152
17.639956
18.081837
18.440340
18.798820
19.157324
19.544037
19.903854
20.263697
20.623514
21.029251
21.748821
22.108616
22.503288
22.862993
23.222675
23.582380
23.990339
24.710045
25.069910
25.804626
26.163809
26.937687
27.297346
27.656984
28.016644
28.411791
28.770702
29.129637
29.488548
29.874672
30.234285
30.593924
30.953537
31.322403
31.679750
32.037098
32.394444
32.767914
33.123878
33.479843
33.835804
34.575623
35.284672
36.278320
36.632561
36.986778
37.316963
37.666985
38.016983
38.367008
38.756145
39.105011
39.453876
39.802765
40.293854
40.642700
41.340408
41.732655
42.082291
42.431927
42.781563
43.140316
43.489479
44.187756
44.536892
44.810703
45.160454
45.510227
45.859978
46.220840
46.569344
46.917824
47.266304
47.635353
47.984829
48.334286
48.683765
49.222336
49.572632
49.922924
50.688301
51.044582
51.400860
51.757141
52.131859
52.491974
52.852062
53.212154
53.649410
54.009705
54.369999
54.730270
55.139706
55.500408
55.861134
56.221836
56.591042
56.949661
57.308277
57.666870
58.056892
58.772858
59.491043
59.849117
60.207188
60.565239
60.997234
61.356827
61.716396
62.075985
62.472496
62.832176
63.191860
63.551563
63.917053
64.274445
64.631813
65.346596
65.710518
66.066826
66.423149
66.779457
67.148163
68.587822
69.291908
70.044312
70.758186
71.115150
72.255875
72.963516
73.680565
74.387756
75.096687
76.520477
77.228798
77.961563
79.422157
80.131607
80.839912
81.548256
82.259117
82.967392
83.678413
85.111816
85.814125
86.525421
87.230843
87.921562
88.624878
89.359863
90.061295
90.844856
91.200813
91.556801
91.912788
92.303947
92.660706
93.017441
93.374176
93.747391
94.103401
94.459412
94.815422
95.195442
95.907570
96.263626
97.000069
97.354668
97.709274
98.063858
98.497162
98.853241
99.209320
99.577438
99.933945
100.290428
101.003426
101.454170
101.814262
102.174355
102.539391
102.898911
103.258461
103.617981
103.977531
104.361542
104.720909
105.080246
105.822044
106.179863
106.537712
106.895531
107.321655
107.679863
108.038071
108.396278
108.768753
109.125511
109.482246
109.839005
110.564331
111.277168
111.641136
111.994011
112.346916
112.699821
113.076210
113.428978
113.781769
114.134537
114.881699
115.594261
117.035149
117.777283
118.490021
119.211861
119.924217
120.459862
121.167755
121.979820
122.676300
123.374039
123.718796
124.063560
124.408325
124.753082
125.154312
125.501358
126.195442
126.603966
126.953880
127.303810
127.653717
128.055511
128.407166
129.110504
129.532318
129.886932
130.241547
130.596146
130.982819
131.337326
131.691818
132.046326
132.460220
132.816376
133.172516
133.528656
133.900299
134.254791
134.609268
134.963760
135.322922
135.676620
136.384018
136.809433
137.162430
137.515427
137.868439
138.245575
138.596954
139.299728
139.651108
139.902969
140.255554
140.608139
140.960709
141.475983
141.827286
142.178574
142.529892
142.920792
143.271545
143.622284
143.973038
144.351807
144.702362
145.052887
145.403397
145.776184
146.126511
146.476852
146.827164
147.168350
147.517319
147.866333
148.215332
148.564316
149.028442
149.375214
149.722000
150.068771
150.793564
151.133270
151.472946
151.896637
152.248962
152.601242
152.953568
154.089554
154.827667
155.184189
155.540741
155.897308
156.276581
156.992477
157.350433
158.219315
158.951538
159.695312
160.428802
161.171753
161.905807
162.278397
163.007416
163.371948
163.736938
164.098007
164.459045
164.820084
165.195419
165.555969
165.916489
166.277023
166.648849
167.725555
168.113327
168.472137
168.830933
169.189728
169.559433
169.917206
170.274994
170.632767
171.033676
171.391479
171.749268
172.107071
172.472839
173.545685
174.291977
174.648849
175.005707
175.370163
175.730133
176.090088
176.450073
176.810043
177.224533
177.580658
177.936752
178.292877
178.646057
178.999542
179.353058
179.706558
180.830765
181.185287
181.962555
182.680481
183.416718
184.136230
184.813309
185.512558
186.185913
186.533920
186.881912
187.229889
187.473083
187.818665
188.164215
188.509796
188.920090
189.266846
189.613602
189.960358
190.372314
190.721176
191.070023
191.418869
191.778732
192.128387
192.478027
192.827682
193.177353
193.693985
194.041748
194.389481
194.806824
195.154678
195.502518
195.850357
196.489685
196.839294
197.188934
197.538574
198.057709
198.410248
198.762817
199.115356
199.494675
199.846100
200.197510
200.548935
200.925507
201.276550
201.627625
201.978668
202.355667
202.705536
203.055374
203.405243
203.767502
204.118500
204.469528
204.820526
205.183838
205.533722
205.883606
206.233475
206.608337
206.956207
207.304077
207.651947
207.999817
208.374466
208.721359
209.068283
209.415176
209.751450
210.096756
210.442062
210.787399
211.135345
211.479752
211.824142
212.168549
212.591568
212.937347
213.283127
213.628906
213.974701
214.358429
214.705536
215.052628
215.399734
215.741226
216.087143
216.433044
216.778961
217.278351
217.622543
217.966736
218.310928
218.594757
218.938705
219.282654
219.626602
219.984222
220.329132
220.674088
221.018997
221.363922
221.727280
222.072357
222.417465
222.762558
223.225876
223.571609
223.917343
224.263062
224.627716
224.974380
225.321060
225.667740
226.044632
226.392319
226.740005
227.087692
227.447662
227.794464
228.141251
228.488052
228.834824
229.241028
229.587433
229.933838
230.280243
230.656708
231.002762
231.348816
231.694855
232.074310
232.420700
232.767105
233.113495
233.486938
233.833405
234.179871
234.526321
234.920334
235.266937
235.613556
235.960175
236.309235
236.653793
236.998352
237.342926
237.687485
238.015945
238.352951
238.689972
239.026978
239.289032
239.626129
239.963226
240.300323
240.637421
240.845016
241.183090
241.521133
241.859207
242.197281
242.593521
242.934631
243.616821
243.992294
244.336594
244.680923
245.025238
245.410446
245.754211
246.097977
246.441772
246.792465
