1.783787
2.222064
2.660317
3.085488
3.517801
3.950136
4.382449
4.857710
5.291338
5.724943
6.179183
6.610431
7.041656
7.488957
7.920318
8.351655
8.783016
9.267211
9.699161
10.131111
10.584286
11.015986
11.447664
11.907052
12.338843
12.770635
13.202426
13.767438
14.198889
14.630363
14.990703
15.421361
15.852018
16.282698
16.562178
16.992222
17.422291
17.866371
18.297438
18.728525
19.159615
19.599184
20.028753
20.458323
21.171860
21.602631
22.033379
22.474354
22.905533
23.336735
23.788662
24.220318
24.651974
25.083651
25.571451
26.003605
26.435760
26.907324
27.340113
27.772903
28.205715
29.110794
29.762993
30.414625
31.066259
31.703470
32.355057
33.071518
33.724648
34.412743
35.068050
35.735352
36.390022
37.044670
37.713219
38.366646
39.035080
39.687595
40.357323
41.010838
41.909275
42.344738
42.780205
43.210724
43.643173
44.075623
44.508072
44.999046
45.430885
45.862743
46.315964
46.747868
47.179794
47.640701
48.072720
48.504738
48.936756
49.406643
49.838345
50.270023
50.727711
51.159546
51.591362
52.058662
52.490520
52.922382
53.354240
53.828709
54.260475
54.692245
55.127983
55.558754
55.989502
56.420250
56.909229
57.340248
57.771271
58.216961
58.647598
59.078232
59.551067
59.982063
60.413063
60.844059
61.312267
61.743355
62.174469
62.652267
63.083900
63.515511
63.961269
64.393242
64.825218
65.257187
65.723625
66.155960
66.588280
67.051384
67.484123
67.916870
68.768570
69.200836
69.633087
70.142838
70.574600
71.006371
71.460365
71.891068
72.321770
72.752472
73.224739
73.654922
74.085083
74.693924
75.124062
75.554192
75.880066
76.310318
76.740593
77.170837
77.639091
78.069595
78.500092
79.152496
79.582809
80.013130
80.637779
81.067688
81.497574
82.057892
82.487961
82.918030
83.362038
83.792290
84.222565
84.652832
85.144623
85.575645
86.006645
86.458870
86.889748
87.320656
88.000702
88.433266
88.865807
89.319389
89.750679
90.181999
90.613289
91.288551
91.720474
92.184486
92.616463
93.048454
93.480431
93.952179
94.384102
94.816032
95.284355
95.717484
96.150612
96.598183
97.031204
97.464218
97.897232
98.586868
99.021927
99.456963
99.902267
100.334351
100.766418
101.233444
101.666100
102.098755
102.560364
102.993065
103.425758
103.858459
104.535782
104.967911
105.400047
105.875847
106.310883
106.745895
107.198593
107.631500
108.064400
108.517616
108.949112
109.380592
109.812088
110.362312
110.793716
111.225128
111.844917
112.274582
112.704239
113.359047
113.790726
114.222382
114.704941
115.136597
115.568253
116.013405
116.445030
116.876640
117.308273
117.775688
118.206802
118.637894
119.123245
119.555214
119.987167
120.780319
121.211586
121.642883
122.177849
122.608711
123.039566
123.630997
124.062790
124.494583
124.838661
125.269997
125.701340
126.132675
126.709618
127.141251
127.572884
127.928505
128.359909
128.791321
129.222717
129.695831
130.126175
130.556503
131.007935
131.438599
131.869278
132.335785
132.767715
133.199615
133.631546
134.103577
134.535965
134.968369
135.424377
135.857208
136.290039
136.751251
137.183517
137.615784
138.048050
138.514130
138.946213
139.378326
139.840027
140.271988
140.703964
141.135941
141.629684
142.061920
142.494171
142.930161
143.362061
143.793976
144.541626
144.972809
145.403992
145.783157
146.212692
146.642273
147.071808
147.336502
147.766129
148.195709
148.655548
149.086319
149.517120
149.947891
150.435516
150.866577
151.297623
151.760773
152.194305
152.627853
153.474106
153.905487
154.336868
154.842697
155.274673
155.706650
156.159637
156.589462
157.019272
157.449097
157.907440
158.337708
158.767960
159.401672
159.832489
160.263290
160.573135
161.003815
161.434494
161.865173
162.373260
162.803787
163.234314
163.857941
164.287781
164.717621
164.983490
165.412918
165.842377
166.271820
166.759338
167.189453
167.619568
168.071106
168.501785
168.932465
169.363159
169.851547
170.282806
170.714081
171.153381
171.584244
172.015106
172.775558
173.205963
173.636353
174.262314
174.693085
175.123825
175.561630
175.992020
176.422379
176.865555
177.295868
177.726166
178.156479
178.648209
179.079773
179.511368
180.207687
180.638962
181.070251
181.693008
182.123901
182.554810
183.050018
183.481003
183.912003
184.667145
185.099030
185.530930
186.155334
186.588303
187.021240
187.468552
187.899933
188.331299
189.139252
189.569931
190.000610
190.562042
190.992920
191.423813
192.094330
192.524628
192.954926
193.218750
193.648026
194.077301
194.506577
195.065552
195.495377
195.925217
196.552490
196.982742
197.412994
198.038712
198.469025
198.899338
199.164597
199.594315
200.024017
200.453720
201.124374
201.553329
201.982315
202.496506
202.926605
203.356705
203.803925
204.234268
204.664597
205.077530
205.506958
205.936401
206.365829
206.904144
207.333420
207.762695
208.206711
208.636032
209.065353
209.494675
209.985596
210.416031
210.846466
211.284714
211.715378
212.146011
212.616257
213.046967
213.477646
213.908340
214.392899
214.824875
215.256821
215.705154
216.136841
216.568573
217.042770
217.475540
217.908295
218.341064
218.783646
219.215576
219.647507
220.119980
220.552399
220.984848
221.438919
221.870209
222.301498
222.732819
223.011856
223.442719
223.873566
224.304428
224.762283
225.193451
225.624603
226.081085
226.513870
226.946671
227.395264
227.827942
228.260635
228.693329
229.149841
229.582382
230.014923
230.475082
231.129639
231.784195
232.630707
233.284561
234.152924
