1.804082
2.224830
2.645578
3.264127
3.835351
4.406599
4.993560
5.564172
6.152472
6.722789
7.293129
7.879343
8.449524
9.023628
9.593401
10.163152
10.762608
11.332291
11.923106
12.491792
13.060476
13.646599
14.216462
14.786326
15.381633
15.951814
16.533220
17.103559
17.673923
18.261066
18.830385
19.415533
19.984852
20.554150
21.143606
21.712925
22.301088
22.870657
23.440205
24.034060
24.604172
25.174263
25.762608
26.332722
26.919569
27.489683
28.059795
28.645691
29.215736
29.803606
30.373629
30.943651
31.531927
32.101475
32.671043
33.134285
33.703537
34.277641
34.847008
35.416370
35.887825
36.457573
37.027325
37.598572
38.168232
38.633400
39.203289
39.773197
40.345852
40.915306
41.484737
41.924557
42.494556
43.064537
43.642426
44.211838
44.801517
45.370953
45.940384
46.534763
47.103626
47.687527
48.256145
48.824738
49.413879
49.982403
50.572971
51.141361
51.709751
52.304718
52.873241
53.441769
54.030682
54.599342
55.186779
55.755013
56.323242
56.919456
57.487823
58.070591
58.638889
59.207165
59.803288
60.371723
60.952267
61.520386
62.088505
62.683151
63.251995
63.820839
64.414085
64.983063
65.565781
66.135262
66.704765
67.299728
67.869499
68.454330
69.024216
69.594101
70.186035
70.756081
71.335510
71.904991
72.474487
73.071999
73.641541
74.211090
74.803268
75.373177
75.954468
76.524559
77.094650
77.687706
78.258026
78.842812
79.412514
79.982224
80.571228
81.141136
81.711021
82.280746
82.850456
83.454765
84.024559
84.594376
85.185966
85.755623
86.342628
86.912270
87.481880
88.008026
88.577690
89.147346
90.058250
90.627800
91.118614
91.687958
92.269638
92.839409
93.409187
93.976891
94.546303
95.285286
95.854988
96.424713
97.030678
97.600525
98.164696
98.734238
99.303787
99.898415
100.467667
101.036896
101.502586
102.071426
102.779411
103.348457
103.917480
104.512947
105.081474
105.946373
106.514832
107.109978
107.678253
108.246506
108.841591
109.410683
110.514992
111.083488
111.720703
112.289589
112.858482
113.454010
114.022247
114.614197
115.182243
115.750320
116.625916
117.193604
117.772087
118.339684
118.931160
119.499069
120.067009
120.665100
121.233788
121.802475
122.394577
122.963829
123.543579
124.112404
124.681244
125.281700
125.850700
126.432220
127.000999
127.569771
128.154419
128.723236
129.311752
129.880295
130.448837
131.046799
131.615784
132.184738
132.774063
133.343124
133.928162
134.497391
135.066620
135.946320
136.514801
137.111023
137.679825
138.263992
138.832001
139.399979
139.992874
140.560913
141.128952
141.721878
142.289642
142.869644
143.436829
144.003998
144.615036
145.182358
145.761566
146.329041
146.896561
147.658463
148.225845
148.646255
149.212677
149.779114
150.377960
150.946014
151.514053
152.060913
152.628952
153.545715
154.112946
154.683578
155.253464
