1.520952
1.848413
2.175873
2.503311
2.830771
3.187665
3.514603
3.841542
4.168503
5.187846
5.848617
6.853401
7.864286
8.524672
9.200930
9.861247
10.526213
11.186939
11.847665
12.525488
13.185601
13.863130
14.523084
15.183651
15.842563
16.530499
17.190590
17.859524
18.519161
19.178776
19.852200
20.511883
21.188005
21.847279
22.523401
23.183378
23.859047
24.519365
25.179682
25.861315
26.521452
27.193718
27.854172
28.525534
29.184921
29.849297
30.509592
31.169888
31.844988
32.505600
33.194016
33.854401
34.524807
35.185013
35.836826
36.495419
37.184669
37.843967
38.503242
39.193855
39.854218
40.509933
41.169365
41.848866
42.507893
43.199524
43.859253
44.518955
45.195465
45.856010
46.520996
47.181679
47.862358
48.521133
49.197552
49.857258
50.529228
51.189320
51.849411
52.522858
53.182201
54.192017
54.853539
55.520294
56.179863
56.853786
57.513630
58.183697
58.841633
59.522518
60.181633
60.840748
61.525715
62.186123
62.854557
63.512993
64.190117
64.849411
65.524101
66.183517
66.842926
67.509567
68.168869
68.844261
69.502403
70.191452
70.850525
71.521385
72.180138
72.856621
73.515556
74.174469
74.859276
75.518616
76.190910
76.850479
77.523285
78.183220
78.856598
79.516167
80.175758
80.858231
81.518143
82.184647
82.843994
83.520546
84.179588
84.849930
85.508911
86.167892
86.719391
87.379456
88.053444
88.713379
89.526527
90.187729
90.858749
91.519073
92.190910
92.850319
93.509727
94.188774
94.847366
95.509865
96.169952
96.855621
97.515831
98.190819
98.851677
99.512566
100.186646
100.846031
101.526894
102.186394
102.857460
103.516350
104.172585
104.831657
105.490723
106.073036
106.733223
107.509933
108.168686
108.841835
109.501335
110.191566
110.851517
111.520294
112.180656
112.841019
113.522423
114.182495
114.854424
115.513199
116.189407
116.849091
117.526375
118.185989
118.845604
119.522064
120.181198
120.857437
121.517166
122.183647
122.843399
123.520950
124.180725
124.848030
125.506348
126.164696
126.855988
127.514809
128.190369
128.848892
129.521820
130.180389
130.857727
131.517166
132.176620
132.853363
133.512283
134.187119
134.846085
135.867844
136.525894
137.519928
138.178543
138.840225
139.498505
140.187103
140.845535
141.525101
142.184586
142.859100
143.518723
144.193237
144.853271
145.513306
146.189728
146.849365
147.524994
148.184402
148.857895
149.516388
150.188202
150.846039
151.503876
152.193695
152.853180
153.527252
154.187256
154.858704
155.518753
156.190475
156.850006
157.509552
158.372681
159.646210
160.305374
161.168396
161.826614
162.832840
164.093948
164.742661
165.588043
166.238571
166.813873
167.464813
168.191971
168.848145
169.499390
170.153946
170.808502
171.524673
172.183701
172.857376
173.515152
174.192383
174.850952
175.494827
175.821182
176.147522
176.473877
176.800247
177.172974
177.497513
177.822037
178.146576
178.528564
178.852493
179.176437
179.500381
179.848068
180.173126
180.498169
180.823227
181.148254
181.597092
181.921997
182.246887
182.571793
183.521454
184.182465
184.854599
185.513535
186.183533
186.842178
187.518600
188.176758
189.365936
190.023315
190.844574
191.501266
192.188751
192.847168
193.521790
194.180588
194.857986
195.516891
196.190979
196.849884
197.508774
198.191772
198.849838
199.521683
200.179413
200.854324
201.511185
202.189819
202.847549
203.505280
204.188461
204.846741
205.523941
206.183014
206.860657
207.519974
208.191864
208.850983
209.510086
210.371765
211.657669
212.315582
212.862442
213.521271
214.193726
214.853287
215.528702
216.188339
216.847977
217.522446
218.181198
218.854279
219.512405
220.562042
221.218750
222.070435
222.726685
