10.148526
11.263106
11.830544
12.412177
12.981814
13.573492
14.166985
14.760476
15.871519
16.705715
17.299093
17.911316
18.503855
19.712040
20.910454
21.503220
22.096008
22.711950
23.304943
23.913424
24.506191
25.715670
26.308096
26.910975
27.502880
28.094807
28.709183
29.300703
29.910318
30.502426
31.094513
31.713083
32.305443
32.914513
33.507347
34.100204
34.708981
35.301453
36.501041
37.093536
37.710384
38.303017
38.916485
39.509750
40.102993
40.693901
41.286915
41.910431
42.503582
43.115055
43.707779
44.300476
44.916077
46.114262
46.706688
47.299114
48.493717
49.079365
49.671135
50.262924
51.166008
51.755600
52.338505
52.925713
54.063107
54.650635
55.117527
55.707687
56.297867
56.913765
57.507484
58.111950
58.704037
59.296124
59.891609
60.483425
61.117165
61.709137
62.301109
62.861519
63.450203
64.114967
64.705399
65.295830
65.758636
66.346237
67.110428
67.702042
68.293648
68.915421
69.507095
70.114922
70.706688
71.298454
72.208931
72.803108
73.718071
74.316483
74.908981
75.501472
76.119751
76.712219
77.315285
77.907845
78.500389
79.113472
79.705917
80.316574
80.909096
82.113716
82.706261
83.313446
83.906029
86.904221
88.113152
88.705872
89.314758
89.907166
90.499550
91.112854
91.705101
92.313698
92.905922
94.111359
94.704102
95.316895
95.909500
96.502083
97.114441
97.706734
98.314331
98.907005
99.499657
100.113518
100.706398
101.318527
101.911316
102.504105
103.108620
103.701134
104.306099
104.899094
106.414146
107.600067
108.809998
109.402588
110.016731
110.609138
111.201561
111.806374
112.399498
113.008774
113.601677
114.194580
114.813019
115.406052
116.005669
117.191338
117.809006
118.401794
119.008347
119.601273
120.813538
121.406670
122.013016
122.606056
123.199074
123.812088
124.405037
125.014671
125.607437
126.814629
128.010391
128.602646
129.194916
129.813293
130.406235
131.008545
131.601837
132.810547
133.403702
134.014938
134.607758
135.200592
135.802765
136.395737
137.010727
137.603561
138.208344
138.801132
139.393921
140.012375
141.212646
141.805573
142.398483
143.007935
143.600891
144.214157
144.806915
145.399658
145.986923
146.578293
147.172058
147.763107
148.354172
149.008438
149.599701
150.212875
150.805832
152.010162
152.603439
153.215332
154.400574
155.002975
155.595627
156.215866
156.808578
157.401245
157.978622
158.571152
159.502991
160.095108
160.707870
161.300385
161.892929
162.515533
163.108704
163.712387
164.305420
164.898438
165.517273
166.109970
166.720932
167.313309
167.905670
168.495560
169.087601
169.718185
170.310364
170.915009
171.507126
172.099258
172.716400
173.308701
173.914627
174.507095
175.099564
175.715912
176.308365
176.915924
177.508682
178.101456
178.711929
179.304596
179.914062
181.710068
182.917801
183.510681
184.103577
184.706329
185.299301
185.912476
186.505219
187.097961
187.717667
188.310333
188.916763
190.102158
190.711548
191.304153
191.912567
192.505142
193.097733
193.713608
194.305984
194.916107
195.508636
196.101181
196.713043
197.305740
197.915390
198.508255
199.703964
200.911697
201.504532
202.117340
202.710220
203.303101
203.906845
204.499069
205.112534
205.704941
206.297348
206.911972
207.504761
208.115097
208.708191
209.301300
209.911591
210.504440
211.111588
211.704269
212.296921
212.913467
214.112289
214.705078
215.297867
215.910904
216.503738
217.112396
217.705276
218.915558
219.508438
220.113815
220.706802
