1.505986
1.877732
2.249501
2.621247
2.998934
3.370113
3.741292
4.112472
4.549864
4.922200
5.294558
5.666893
6.042948
6.413560
6.784150
7.154739
7.550817
7.922562
8.294331
8.666077
9.067778
9.439365
9.810952
10.182540
10.581066
10.953741
11.326394
11.699048
12.096735
12.467030
12.837324
13.207642
13.574830
13.942880
14.310929
14.678980
15.096893
15.460703
15.824512
16.188345
16.667234
17.031088
17.394943
17.758821
18.147007
18.510658
18.874287
19.237913
19.681248
20.045216
20.409206
20.773174
21.186985
21.554989
21.922993
22.366417
22.736099
23.105804
23.475487
23.895760
24.267166
24.638594
25.010000
25.329660
25.701202
26.072744
26.444286
26.843334
27.215509
27.587664
27.959841
28.335783
28.707846
29.079908
29.451950
29.965034
30.331089
30.697121
31.063175
31.476780
31.976576
32.476395
33.017914
33.515942
34.013969
34.563583
35.060089
35.556576
36.111294
36.612698
37.114128
37.709297
38.205669
38.976257
39.459637
39.943039
40.583309
41.071247
41.559162
42.178459
42.789455
43.754353
44.359047
44.981045
45.587143
46.185555
46.785465
47.385353
47.969208
48.562222
49.391518
49.895374
50.399227
50.972130
51.470951
51.969795
52.450386
52.948730
53.447075
53.814964
54.315033
54.815102
55.183174
55.673878
56.164604
56.805283
57.299500
57.793743
58.334263
58.831181
59.328094
59.850204
60.348774
60.847370
61.273380
61.772404
62.271427
62.775692
63.273899
63.772087
64.440681
64.939636
65.417305
65.910362
66.403404
66.953110
67.447914
67.942741
68.707779
69.079254
69.450706
69.822151
70.230087
70.599388
70.968658
71.377441
71.747009
72.116554
72.486099
72.886894
73.257164
73.627457
73.997734
74.411697
74.782356
75.152992
75.523651
75.943336
76.314285
76.685242
77.056190
77.447662
77.818863
78.190048
78.561249
78.972633
79.344330
79.716057
80.087753
80.483154
80.854584
81.225983
81.597412
82.005508
82.376602
82.747688
83.118774
83.526009
83.897072
84.268166
84.639229
85.047417
85.421318
85.795212
86.169113
86.568840
86.939888
87.310928
87.708977
88.079956
88.450928
88.821907
89.225670
89.596802
89.967911
90.339050
90.982224
91.354057
91.725922
92.097755
92.630341
93.001793
93.373222
93.788277
94.159546
94.530815
94.902084
95.304649
95.675941
96.047234
96.418526
96.827232
97.198570
97.569908
97.941246
98.322174
98.693558
99.064964
99.436348
99.862587
100.234283
100.606010
100.977730
101.362770
101.734718
102.106667
102.478638
102.792427
103.166756
103.541092
103.915443
104.313675
104.686829
105.059975
105.433105
105.850586
106.418320
107.537300
108.099525
108.681587
109.243149
109.804718
110.316368
110.876144
111.435898
111.894554
112.456940
113.346802
113.908730
114.578255
115.143654
115.709023
116.105331
116.672813
117.240273
117.799706
118.361794
119.241180
119.807076
120.437843
120.996101
121.554329
122.074402
122.636215
123.198029
123.776711
124.335464
125.102608
125.661476
126.220337
126.459885
126.832787
127.205688
127.578613
127.956352
128.327072
128.697800
129.068542
129.294510
129.665924
130.037323
130.408707
130.820068
131.385178
131.950302
132.605438
133.165604
133.725739
134.269867
134.829391
135.360229
135.914124
136.468002
137.059753
137.430344
137.800934
138.171539
138.404831
138.772705
139.140564
139.508438
139.742859
140.113632
140.484375
140.855148
141.516739
141.886719
142.256683
142.626663
143.143158
143.513657
143.884155
144.287277
144.657074
145.026855
145.396637
145.801743
146.171356
146.540970
146.910583
147.460526
147.830231
148.199951
148.569656
148.958710
149.328690
149.698639
150.068619
150.359344
150.729340
151.099319
151.469315
151.886673
152.257416
152.628189
152.998932
153.402252
153.772263
154.142288
154.512314
154.902405
155.272064
155.641724
156.011383
156.422455
156.791672
157.160904
157.870163
158.239349
158.608551
158.977737
159.370087
159.738678
160.107254
160.475845
160.920471
161.286392
161.652313
162.059387
162.423584
162.787796
163.151993
163.548340
163.914642
164.280930
164.647217
165.096954
165.468750
165.840561
166.212357
166.547775
166.914261
167.280746
167.647217
168.260498
168.609848
168.959183
169.308502
169.706848
170.056824
170.406799
170.756805
171.090790
171.459076
171.827347
172.195618
172.788345
173.161026
173.533676
173.912064
174.283875
174.655716
175.027527
175.434677
175.806412
176.178146
176.549866
176.959473
177.331833
177.704178
178.076538
178.466599
178.837936
179.209290
179.580658
179.961060
180.332336
180.703598
181.074860
181.514404
181.886459
182.258499
182.630569
183.019165
183.389053
183.758942
184.128815
184.527298
184.897736
185.268188
185.638611
186.055267
186.425491
186.795685
187.165924
187.581909
187.952103
188.322311
188.692520
189.107956
189.478912
189.849869
190.241135
190.611084
190.981018
191.350952
191.750992
192.121292
192.491562
192.861862
193.285080
193.654877
194.024673
194.394485
195.014038
195.383286
195.752533
196.121765
196.510071
196.878464
197.246872
197.615280
198.003464
198.369751
198.736038
199.102295
199.344940
199.711807
200.078690
200.445557
200.867828
201.235596
201.603363
201.971115
202.442307
202.810501
203.178680
203.546875
203.939484
204.307388
204.675308
205.043213
205.435471
205.802536
206.169617
206.536682
207.024078
207.523697
208.023315
208.606461
209.096191
210.003723
210.493805
210.983871
211.743362
212.234131
212.965851
213.458389
213.950928
214.296829
214.789749
215.282669
215.805527
216.298904
216.792297
217.303589
217.677795
218.052048
218.426285
218.812088
219.180130
219.548157
219.916214
220.308395
220.675735
221.043106
221.410446
221.798294
222.161743
222.525192
222.888657
223.267761
223.628708
223.989655
224.350586
224.726334
225.079346
225.432358
225.785370
