1.635419
1.982336
2.329252
2.676168
3.284513
3.620091
3.955669
4.291247
4.996758
5.668934
6.386259
7.059615
7.426667
7.764036
8.101406
8.438775
8.776145
9.829025
10.866168
11.548616
12.543424
13.221474
13.582994
13.918912
14.254807
14.590726
15.276326
15.950997
16.663990
17.339569
18.037279
18.717688
19.770409
20.452335
21.291157
21.970272
22.664150
23.340658
23.870749
24.545828
25.220930
25.759819
26.435669
27.283379
27.959795
28.499138
29.174467
30.011723
30.687233
31.369797
32.045261
33.105240
33.782562
34.322655
35.001064
35.715488
36.396576
37.077641
37.731453
38.409138
39.066940
39.738865
40.299545
40.806145
41.312744
41.841633
42.347870
42.854126
43.417572
43.929298
44.441044
44.977936
45.489750
46.001541
46.540863
47.054558
47.734058
48.244942
48.755852
49.235191
49.745056
50.254944
50.769070
51.271404
51.773720
